0.000000000000000000e+00 4.442671643900214740e+00
1.000000000000000056e-01 4.307890696370578532e+00
2.000000000000000111e-01 4.464122767024085725e+00
3.000000000000000444e-01 4.675401255891091346e+00
4.000000000000000222e-01 4.808242091150099817e+00
5.000000000000000000e-01 5.259067167293046019e+00
6.000000000000000888e-01 5.261496331555850503e+00
7.000000000000000666e-01 5.541416548293998545e+00
8.000000000000000444e-01 5.763118141291307950e+00
9.000000000000000222e-01 6.266951476528229037e+00
1.000000000000000000e+00 6.228180643373955938e+00
1.100000000000000089e+00 6.419123017667051734e+00
1.200000000000000178e+00 6.868638986604175045e+00
1.300000000000000044e+00 6.850313431212184945e+00
1.400000000000000133e+00 6.987246349361726061e+00
1.500000000000000000e+00 7.418329570759329528e+00
1.600000000000000089e+00 7.439602808709300241e+00
1.700000000000000178e+00 7.641026300479648370e+00
1.800000000000000044e+00 7.833390510190476164e+00
1.900000000000000133e+00 8.276492124720059351e+00
2.000000000000000000e+00 8.149009824840025118e+00
2.100000000000000089e+00 8.203135976075982327e+00
2.200000000000000178e+00 8.612115323249943444e+00
2.300000000000000266e+00 8.782638891837370565e+00
2.400000000000000355e+00 9.072882012534234875e+00
2.500000000000000000e+00 9.422364195475266158e+00
2.600000000000000089e+00 9.364576436199065768e+00
2.700000000000000178e+00 9.812303105748894083e+00
2.800000000000000266e+00 9.706001406781386009e+00
2.900000000000000355e+00 9.940309219701203958e+00
3.000000000000000000e+00 1.047993952338953605e+01
3.100000000000000089e+00 1.025019808946177413e+01
3.200000000000000178e+00 1.062220697908780842e+01
3.300000000000000266e+00 1.097753893468333786e+01
3.400000000000000355e+00 1.087785314049264684e+01
3.500000000000000000e+00 1.142789687780275187e+01
3.600000000000000089e+00 1.154851752177629187e+01
3.700000000000000178e+00 1.171494772242366444e+01
3.800000000000000266e+00 1.208874735668245748e+01
3.900000000000000355e+00 1.213317623542073065e+01
4.000000000000000000e+00 1.207358873710159664e+01
4.100000000000000533e+00 1.267501273533050821e+01
4.200000000000000178e+00 1.252189377481532695e+01
4.299999999999999822e+00 1.296201002176757378e+01
4.400000000000000355e+00 1.300621996920738610e+01
4.500000000000000000e+00 1.347923074039676905e+01
4.600000000000000533e+00 1.322097752576913798e+01
4.700000000000000178e+00 1.364655620516829160e+01
4.800000000000000711e+00 1.385166615322967587e+01
4.900000000000000355e+00 1.409704440611981546e+01
5.000000000000000000e+00 1.436536093786335577e+01
5.100000000000000533e+00 1.440485346598593530e+01
5.200000000000000178e+00 1.440703812139672024e+01
5.300000000000000711e+00 1.488269114568035967e+01
5.400000000000000355e+00 1.515076364105527595e+01
5.500000000000000000e+00 1.518461575145356690e+01
5.600000000000000533e+00 1.522901480012931863e+01
5.700000000000000178e+00 1.574458099506388109e+01
5.800000000000000711e+00 1.589318781563460270e+01
5.900000000000000355e+00 1.613309730158024635e+01
6.000000000000000000e+00 1.637489210468490342e+01
6.100000000000000533e+00 1.650484213135225531e+01
6.200000000000000178e+00 1.661724108702525626e+01
6.300000000000000711e+00 1.686241625681716627e+01
6.400000000000000355e+00 1.683995271279102468e+01
6.500000000000000000e+00 1.738824678050445627e+01
6.600000000000000533e+00 1.723896988313644485e+01
6.700000000000000178e+00 1.785498853995318314e+01
6.800000000000000711e+00 1.802412601496148170e+01
6.900000000000000355e+00 1.800068934189290815e+01
7.000000000000000000e+00 1.837470261468806143e+01
7.100000000000000533e+00 1.857494353412609200e+01
7.200000000000000178e+00 1.845317106298024612e+01
7.300000000000000711e+00 1.903023099373275429e+01
7.400000000000000355e+00 1.910761688356489785e+01
7.500000000000000000e+00 1.945147192296599670e+01
7.600000000000000533e+00 1.968501417714602653e+01
7.700000000000000178e+00 1.948766912305903531e+01
7.800000000000000711e+00 1.972764419977261596e+01
7.900000000000000355e+00 1.995018201740864328e+01
8.000000000000000000e+00 2.009659079482679189e+01
8.099999999999999645e+00 2.052090784382156485e+01
8.200000000000001066e+00 2.054553576707775164e+01
8.300000000000000711e+00 2.095044050533436675e+01
8.400000000000000355e+00 2.112537159264576658e+01
8.500000000000000000e+00 2.119535733563538926e+01
8.599999999999999645e+00 2.127101565087527391e+01
8.700000000000001066e+00 2.186818368657833389e+01
8.800000000000000711e+00 2.195146269353194057e+01
8.900000000000000355e+00 2.183908460591863587e+01
9.000000000000000000e+00 2.229074128289964207e+01
9.099999999999999645e+00 2.239011466241963078e+01
9.200000000000001066e+00 2.271471861214179100e+01
9.300000000000000711e+00 2.295850467246918925e+01
9.400000000000000355e+00 2.288784701178817116e+01
9.500000000000000000e+00 2.305970125956551087e+01
9.600000000000001421e+00 2.347704630853559138e+01
9.700000000000001066e+00 2.343166024823064930e+01
9.800000000000000711e+00 2.375925492497116664e+01
9.900000000000000355e+00 2.424245708166696289e+01
