0.000000000000000000e+00 5.113768430836742596e+00
1.000000000000000056e-01 5.402600081210477079e+00
2.000000000000000111e-01 5.951290688905740645e+00
3.000000000000000444e-01 6.127464735001728613e+00
4.000000000000000222e-01 6.577364921808881881e+00
5.000000000000000000e-01 6.933223292968318852e+00
6.000000000000000888e-01 6.967511565660078787e+00
7.000000000000000666e-01 7.404749489156047915e+00
8.000000000000000444e-01 7.697794914880197403e+00
9.000000000000000222e-01 8.073981237308732517e+00
1.000000000000000000e+00 8.078522396391237592e+00
1.100000000000000089e+00 8.782595605854144338e+00
1.200000000000000178e+00 9.049251076385454340e+00
1.300000000000000044e+00 9.363779331990663479e+00
1.400000000000000133e+00 9.674149557701749558e+00
1.500000000000000000e+00 9.583130994437725647e+00
1.600000000000000089e+00 1.018760224388021385e+01
1.700000000000000178e+00 1.015322715242459495e+01
1.800000000000000044e+00 1.047995935288294866e+01
1.900000000000000133e+00 1.107541743843776949e+01
2.000000000000000000e+00 1.131483401510994291e+01
2.100000000000000089e+00 1.163971851603807472e+01
2.200000000000000178e+00 1.162259666885523757e+01
2.300000000000000266e+00 1.220153819065436984e+01
2.400000000000000355e+00 1.256712118724258254e+01
2.500000000000000000e+00 1.257332959608334733e+01
2.600000000000000089e+00 1.323429928097763941e+01
2.700000000000000178e+00 1.319562206014925110e+01
2.800000000000000266e+00 1.360041163431441724e+01
2.900000000000000355e+00 1.379039159676991133e+01
3.000000000000000000e+00 1.449762004354693801e+01
3.100000000000000089e+00 1.476777827961995015e+01
3.200000000000000178e+00 1.490420873518195677e+01
3.300000000000000266e+00 1.533546046020307507e+01
3.400000000000000355e+00 1.522439409951994094e+01
3.500000000000000000e+00 1.559077422236445543e+01
3.600000000000000089e+00 1.623743714328641019e+01
3.700000000000000178e+00 1.624671973508482736e+01
3.800000000000000266e+00 1.671465670797489622e+01
3.900000000000000355e+00 1.685037513240154539e+01
4.000000000000000000e+00 1.731693414564908196e+01
4.100000000000000533e+00 1.776846135797647008e+01
4.200000000000000178e+00 1.780277422570074108e+01
4.299999999999999822e+00 1.790020247277417909e+01
4.400000000000000355e+00 1.842386124490753829e+01
4.500000000000000000e+00 1.888195882629160138e+01
4.600000000000000533e+00 1.916292428934374925e+01
4.700000000000000178e+00 1.936985189410346564e+01
4.800000000000000711e+00 1.940357094452788189e+01
4.900000000000000355e+00 1.974538019559483359e+01
5.000000000000000000e+00 2.042823970025482083e+01
5.100000000000000533e+00 2.033962785422992070e+01
5.200000000000000178e+00 2.071483032709645400e+01
5.300000000000000711e+00 2.094993228817924447e+01
5.400000000000000355e+00 2.149632598209318601e+01
5.500000000000000000e+00 2.171011033861983819e+01
5.600000000000000533e+00 2.229141277461984672e+01
5.700000000000000178e+00 2.240193349087735797e+01
5.800000000000000711e+00 2.265319832201135597e+01
5.900000000000000355e+00 2.305395044021792117e+01
6.000000000000000000e+00 2.310619175703911310e+01
6.100000000000000533e+00 2.358702302047130317e+01
6.200000000000000178e+00 2.367789370522442738e+01
6.300000000000000711e+00 2.415891355952149766e+01
6.400000000000000355e+00 2.445467149611577184e+01
6.500000000000000000e+00 2.485332965749658740e+01
6.600000000000000533e+00 2.485782481455882120e+01
6.700000000000000178e+00 2.540717198236709962e+01
6.800000000000000711e+00 2.587317661008515657e+01
6.900000000000000355e+00 2.614183976430351208e+01
7.000000000000000000e+00 2.638615015332049296e+01
7.100000000000000533e+00 2.644014452813273408e+01
7.200000000000000178e+00 2.671584367988909392e+01
7.300000000000000711e+00 2.718083035476405485e+01
7.400000000000000355e+00 2.756376963805336189e+01
7.500000000000000000e+00 2.784668051574010406e+01
7.600000000000000533e+00 2.815606328960930682e+01
7.700000000000000178e+00 2.814765806868664200e+01
7.800000000000000711e+00 2.851144398241223499e+01
7.900000000000000355e+00 2.899829171559699148e+01
8.000000000000000000e+00 2.904256272948881445e+01
8.099999999999999645e+00 2.967313006695832200e+01
8.200000000000001066e+00 2.963353229674555323e+01
8.300000000000000711e+00 3.013827587298212762e+01
8.400000000000000355e+00 3.034202349385409647e+01
8.500000000000000000e+00 3.082506647409749689e+01
8.599999999999999645e+00 3.119646477262657314e+01
8.700000000000001066e+00 3.121871965770567314e+01
8.800000000000000711e+00 3.187794544448415124e+01
8.900000000000000355e+00 3.216850452114450576e+01
9.000000000000000000e+00 3.211659140431022053e+01
9.099999999999999645e+00 3.256292121169984455e+01
9.200000000000001066e+00 3.263644574447973667e+01
9.300000000000000711e+00 3.337010355577824328e+01
9.400000000000000355e+00 3.327956402579301454e+01
9.500000000000000000e+00 3.384421641823065841e+01
9.600000000000001421e+00 3.415453057950544036e+01
9.700000000000001066e+00 3.415737693335141500e+01
9.800000000000000711e+00 3.457885838957444236e+01
9.900000000000000355e+00 3.513626594215040910e+01
