1.243140836229361668e-02 4.062157041811468083e+00
1.688133804330742282e-01 4.744066902165370969e+00
3.481015004590536921e-01 5.540507502295268338e+00
4.327868712124913197e-01 5.863934356062456388e+00
7.962312553637259649e-01 7.581156276818629358e+00
8.984099878301528008e-01 7.992049939150764004e+00
1.007458909606439912e+00 8.437294548032198804e+00
9.654612691415676018e-01 8.127306345707838275e+00
1.141961447392388473e+00 8.909807236961942323e+00
9.271971422192937240e-01 7.735985711096468265e+00
1.227114343368197469e+00 9.135571716840987122e+00
1.400970127206033311e+00 9.904850636030166910e+00
1.520547433673331117e+00 1.040273716836665585e+01
1.313817603650202948e+00 9.269088018251014915e+00
1.790012659389821570e+00 1.155006329694910860e+01
1.911361397144420771e+00 1.205680698572210297e+01
2.073716855835966655e+00 1.276858427917983363e+01
2.163088701980704354e+00 1.311544350990352115e+01
2.206307625401234596e+00 1.323153812700617316e+01
2.015069431772714026e+00 1.217534715886356977e+01
2.341708877754168583e+00 1.370854438877084291e+01
2.183760530903426922e+00 1.281880265451713541e+01
2.539541754052101030e+00 1.449770877026050542e+01
2.352794505510807710e+00 1.346397252755403784e+01
2.870712343170202185e+00 1.595356171585101102e+01
2.743541112712778229e+00 1.521770556356389115e+01
2.967026216744299116e+00 1.623513108372149460e+01
2.752513782943109888e+00 1.506256891471554837e+01
2.861143537070407916e+00 1.550571768535203887e+01
2.909298936667326529e+00 1.564649468333663229e+01
3.425665912427639181e+00 1.812832956213819813e+01
3.284725398706639155e+00 1.732362699353319613e+01
3.606415975052573941e+00 1.883207987526287042e+01
3.636603904589987390e+00 1.888301952294993669e+01
3.800871872714267852e+00 1.960435936357133713e+01
3.805463228499459394e+00 1.952731614249729475e+01
4.077197226808615405e+00 2.078598613404307827e+01
4.089638832896732801e+00 2.074819416448366383e+01
4.143569090838674640e+00 2.091784545419337249e+01
4.344543448590215462e+00 2.182271724295107518e+01
4.281663381754503561e+00 2.140831690877251603e+01
4.282624071255843212e+00 2.131312035627921730e+01
4.303637476240004922e+00 2.131818738120002621e+01
4.521660458122189752e+00 2.230830229061094983e+01
4.585403422051781419e+00 2.252701711025890674e+01
4.938528501830961481e+00 2.419264250915480829e+01
5.049126341562978126e+00 2.464563170781488921e+01
5.129285922340961257e+00 2.494642961170480433e+01
5.255738225178462564e+00 2.547869112589231122e+01
4.987998383101706068e+00 2.403999191550852998e+01
5.122131324212499059e+00 2.461065662106249619e+01
5.139518859750552338e+00 2.459759429875276027e+01
5.668726577585144533e+00 2.714363288792572249e+01
5.351342538275361882e+00 2.545671269137680781e+01
5.517403874556024768e+00 2.618701937278012437e+01
5.910662223508866830e+00 2.805331111754433593e+01
5.941907487835253576e+00 2.810953743917626824e+01
5.949974538883308739e+00 2.804987269441654263e+01
6.197454666931614398e+00 2.918727333465807305e+01
6.273768498748607314e+00 2.946884249374303621e+01
6.279708530809636535e+00 2.939854265404818179e+01
6.493208861469635274e+00 3.036604430734817583e+01
6.663694719518018061e+00 3.111847359759008924e+01
6.499453412670236574e+00 3.019726706335118394e+01
6.436155913269219653e+00 2.978077956634609791e+01
6.659400164727487414e+00 3.079700082363743618e+01
6.803298314685603643e+00 3.141649157342801857e+01
6.923711015734641094e+00 3.191855507867320441e+01
6.972671158244061473e+00 3.206335579122031021e+01
7.115435572389652741e+00 3.267717786194826601e+01
7.433467279412441009e+00 3.416733639706220060e+01
7.508126279940183778e+00 3.444063139970091925e+01
7.204421168535097841e+00 3.282210584267549081e+01
7.735913489420938483e+00 3.537956744710469081e+01
7.645175075897229888e+00 3.482587537948614909e+01
7.548516741301834365e+00 3.424258370650917271e+01
8.054331764568008367e+00 3.667165882284004397e+01
7.862552287134176865e+00 3.561276143567088326e+01
8.065721413223034375e+00 3.652860706611517116e+01
8.323940582313040792e+00 3.771970291156520716e+01
8.470226765116249723e+00 3.835113382558125039e+01
8.308593814237253738e+00 3.744296907118626905e+01
8.229067626874797980e+00 3.694533813437399061e+01
8.356690588062669178e+00 3.748345294031334873e+01
8.657709518696275808e+00 3.888854759348137691e+01
8.516746836007342836e+00 3.808373418003671418e+01
8.897431109113227876e+00 3.988715554556613796e+01
8.857414503017000840e+00 3.958707251508500491e+01
9.082678351409025908e+00 4.061339175704512883e+01
9.061158113642470369e+00 4.040579056821235326e+01
9.461988166716876592e+00 4.230994083358438473e+01
9.561853343058530186e+00 4.270926671529264951e+01
9.288245638149190242e+00 4.124122819074595014e+01
9.656922717465302952e+00 4.298461358732651405e+01
9.863138507231145269e+00 4.391569253615572421e+01
9.844837080427625509e+00 4.372418540213812577e+01
9.740305739782366246e+00 4.310152869891182803e+01
9.849225619272356624e+00 4.354612809636178383e+01
1.022799994170726023e+01 4.533999970853630401e+01
1.029003711374693530e+01 4.555018556873467617e+01
2.099062782576791020e-01 5.839625113030716186e+00
2.207038219517197530e-01 5.782815287806879034e+00
2.487499016994261236e-01 5.794999606797704317e+00
3.367808692332870391e-01 6.047123476933149000e+00
5.837670914291421820e-01 6.935068365716568373e+00
5.786258275363245218e-01 6.814503310145298087e+00
9.737159409302500457e-01 8.294863763721000538e+00
7.834950882789488702e-01 7.433980353115795303e+00
9.788232575760056342e-01 8.115293030304023603e+00
1.176663510282357272e+00 8.806654041129430510e+00
1.443342991923124430e+00 9.773371967692497719e+00
1.284191653684624290e+00 9.036766614738496628e+00
1.525937175247573441e+00 9.903748700990293585e+00
1.407482566127389756e+00 9.329930264509558313e+00
1.795428763286453400e+00 1.078171505314581324e+01
1.907492287004320497e+00 1.112996914801728110e+01
1.776999519637890712e+00 1.050799807855156232e+01
1.799467291330612673e+00 1.049786916532244874e+01
1.803384592890554750e+00 1.041353837156221829e+01
2.132454297538200372e+00 1.162981719015280291e+01
2.207675580226986956e+00 1.183070232090794782e+01
2.197054619057280611e+00 1.168821847622912280e+01
2.362863275305385091e+00 1.225145310122154108e+01
2.783591589984701908e+00 1.383436635993880692e+01
2.596062147033143752e+00 1.298424858813257465e+01
2.589765919488417278e+00 1.285906367795366911e+01
3.060686388744911390e+00 1.464274555497964414e+01
2.993413179827819626e+00 1.427365271931127921e+01
3.107017861450893204e+00 1.462807144580357210e+01
3.259421222763316361e+00 1.513768489105326509e+01
3.337899352560997457e+00 1.535159741024398983e+01
3.574897364342429107e+00 1.619958945736971501e+01
3.488134651832562216e+00 1.575253860733024958e+01
3.794507398545150068e+00 1.687802959418059956e+01
3.679326141143646645e+00 1.631730456457458445e+01
3.703494444185947199e+00 1.631397777674378702e+01
3.922902485294458508e+00 1.709160994117783616e+01
3.849662347440410581e+00 1.669864938976164126e+01
3.886502255968054875e+00 1.674600902387221879e+01
4.151501392163217119e+00 1.770600556865286634e+01
4.381681101528569933e+00 1.852672440611427973e+01
4.457243345434680037e+00 1.872897338173871873e+01
4.362021977264716632e+00 1.824808790905886724e+01
4.434013557200157329e+00 1.843605422880063216e+01
4.432268364818355622e+00 1.832907345927342035e+01
4.862608046209875745e+00 1.995043218483950298e+01
5.005146488930828141e+00 2.042058595572331470e+01
5.106929228879673488e+00 2.072771691551869466e+01
4.934891160822465039e+00 1.993956464328985945e+01
5.263963045047795219e+00 2.115585218019117875e+01
5.452629680485538977e+00 2.181051872194215591e+01
5.492978411077396039e+00 2.187191364430958629e+01
5.670714270424880965e+00 2.248285708169952457e+01
5.357099160380158764e+00 2.112839664152063435e+01
5.825580609769663631e+00 2.290232243907865595e+01
5.901316531792460296e+00 2.310526612716984118e+01
6.084137030476536090e+00 2.373654812190614294e+01
5.997479569898279905e+00 2.328991827959311678e+01
6.119953741087767796e+00 2.367981496435106692e+01
6.398195765409083968e+00 2.469278306163633374e+01
6.327179871352951679e+00 2.430871948541180672e+01
6.336020556714268892e+00 2.424408222685707770e+01
6.591267056908728605e+00 2.516506822763491513e+01
6.585404567447317170e+00 2.504161826978926797e+01
6.858366362137476635e+00 2.603346544854990441e+01
6.897825176595445029e+00 2.609130070638177656e+01
7.096776236125625914e+00 2.678710494450250224e+01
6.757137770659499054e+00 2.532855108263799693e+01
7.268968992543391572e+00 2.727587597017356558e+01
6.907862543035521163e+00 2.573145017214208607e+01
7.437168174738190807e+00 2.774867269895276323e+01
7.281366856551649391e+00 2.702546742620659614e+01
7.215079822279339972e+00 2.666031928911736060e+01
7.393529193194673610e+00 2.727411677277869373e+01
7.695734993673279511e+00 2.838293997469311591e+01
7.600078672542151637e+00 2.790031469016860655e+01
8.033956878435581928e+00 2.953582751374232629e+01
7.934202160953858218e+00 2.903680864381543358e+01
8.025007943433626778e+00 2.930003177373450640e+01
8.298025360855193711e+00 3.029210144342077626e+01
8.441614278446415653e+00 3.076645711378566261e+01
8.569495121739263865e+00 3.117798048695705404e+01
8.475306734473189607e+00 3.070122693789275914e+01
8.697645715058120786e+00 3.149058286023247888e+01
8.756908937807574844e+00 3.162763575123030080e+01
8.953493286905636950e+00 3.231397314762254780e+01
8.786860845757196614e+00 3.154744338302878504e+01
9.118286864271036407e+00 3.277314745708414989e+01
8.980817927872779549e+00 3.212327171149112104e+01
9.263387359257437836e+00 3.315354943702975277e+01
9.259239719673789892e+00 3.303695887869516667e+01
9.289105208716748052e+00 3.305642083486699079e+01
9.543483064260806614e+00 3.397393225704323072e+01
9.392210377918269515e+00 3.326884151167308090e+01
9.643575796429333380e+00 3.417430318571733494e+01
9.562876577854833471e+00 3.375150631141933388e+01
9.746261274114097262e+00 3.438504509645638763e+01
9.978099095205088531e+00 3.521239638082035128e+01
9.845142299767147165e+00 3.458056919906858440e+01
1.010258578543931485e+01 3.551034314175726081e+01
