0.000000000000000000e+00 4.041381859337787041e+00
1.000000000000000056e-01 4.338533504415629238e+00
2.000000000000000111e-01 4.722675238441078172e+00
3.000000000000000444e-01 4.920398462917618509e+00
4.000000000000000222e-01 4.924717925738019808e+00
5.000000000000000000e-01 5.224991156607826426e+00
6.000000000000000888e-01 5.459259732804364162e+00
7.000000000000000666e-01 5.873712877620567596e+00
8.000000000000000444e-01 5.927133666003134849e+00
9.000000000000000222e-01 6.207669033437044348e+00
1.000000000000000000e+00 6.316237516797532869e+00
1.100000000000000089e+00 6.631894063198402911e+00
1.200000000000000178e+00 6.881878937386968431e+00
1.300000000000000044e+00 6.665007374260110140e+00
1.400000000000000133e+00 7.294398096359400618e+00
1.500000000000000000e+00 7.199662831141384167e+00
1.600000000000000089e+00 7.340650150113217087e+00
1.700000000000000178e+00 7.698956166149895530e+00
1.800000000000000044e+00 7.753365680422608541e+00
1.900000000000000133e+00 7.896115327031977493e+00
2.000000000000000000e+00 8.149242073216473869e+00
2.100000000000000089e+00 8.545295304449764373e+00
2.200000000000000178e+00 8.840840004262979335e+00
2.300000000000000266e+00 9.034177218681598731e+00
2.400000000000000355e+00 9.116059218760211635e+00
2.500000000000000000e+00 9.224207677430285912e+00
2.600000000000000089e+00 9.203269483900873738e+00
2.700000000000000178e+00 9.821649501254025694e+00
2.800000000000000266e+00 9.818323533758057664e+00
2.900000000000000355e+00 9.930804721126174073e+00
3.000000000000000000e+00 1.034699224190630140e+01
3.100000000000000089e+00 1.025707596249500142e+01
3.200000000000000178e+00 1.050940409064317294e+01
3.300000000000000266e+00 1.086555384755252973e+01
3.400000000000000355e+00 1.124303038244535280e+01
3.500000000000000000e+00 1.140763308862726255e+01
3.600000000000000089e+00 1.121487979752277653e+01
3.700000000000000178e+00 1.142499557639363950e+01
3.800000000000000266e+00 1.197334182545940173e+01
3.900000000000000355e+00 1.217679048484040827e+01
4.000000000000000000e+00 1.239752657641690803e+01
4.100000000000000533e+00 1.257578480286796818e+01
4.200000000000000178e+00 1.265354937265620094e+01
4.299999999999999822e+00 1.283616356813605819e+01
4.400000000000000355e+00 1.306275008062490350e+01
4.500000000000000000e+00 1.340877493405327670e+01
4.600000000000000533e+00 1.337519283537843329e+01
4.700000000000000178e+00 1.353665818864038606e+01
4.800000000000000711e+00 1.361723843574483084e+01
4.900000000000000355e+00 1.390792410286084468e+01
5.000000000000000000e+00 1.428169930787590047e+01
5.100000000000000533e+00 1.433601365154138563e+01
5.200000000000000178e+00 1.481673282007777281e+01
5.300000000000000711e+00 1.494449432012584644e+01
5.400000000000000355e+00 1.525087899924167445e+01
5.500000000000000000e+00 1.528709998779074475e+01
5.600000000000000533e+00 1.535355287614986963e+01
5.700000000000000178e+00 1.557461089170640989e+01
5.800000000000000711e+00 1.586393108342172908e+01
5.900000000000000355e+00 1.593547465113848105e+01
6.000000000000000000e+00 1.607480141582189503e+01
6.100000000000000533e+00 1.656071453630786294e+01
6.200000000000000178e+00 1.683869875591875598e+01
6.300000000000000711e+00 1.682370581252107300e+01
6.400000000000000355e+00 1.718815068856557815e+01
6.500000000000000000e+00 1.742667476221345524e+01
6.600000000000000533e+00 1.745444573738967264e+01
6.700000000000000178e+00 1.785105926666739862e+01
6.800000000000000711e+00 1.777207474779794083e+01
6.900000000000000355e+00 1.819500977276624454e+01
7.000000000000000000e+00 1.839151383402501239e+01
7.100000000000000533e+00 1.863940659377120923e+01
7.200000000000000178e+00 1.848203482835948108e+01
7.300000000000000711e+00 1.877232996472846338e+01
7.400000000000000355e+00 1.923776256765855308e+01
7.500000000000000000e+00 1.942765616039794097e+01
7.600000000000000533e+00 1.953039624913133565e+01
7.700000000000000178e+00 1.985464427610238403e+01
7.800000000000000711e+00 1.980628883175528898e+01
7.900000000000000355e+00 2.002839000661566260e+01
8.000000000000000000e+00 2.012251558663614759e+01
8.099999999999999645e+00 2.055372048788430916e+01
8.200000000000001066e+00 2.064906318704779054e+01
8.300000000000000711e+00 2.098169390433672632e+01
8.400000000000000355e+00 2.115866161966513204e+01
8.500000000000000000e+00 2.114510367731874751e+01
8.599999999999999645e+00 2.139355445522341626e+01
8.700000000000001066e+00 2.182569240455947579e+01
8.800000000000000711e+00 2.174651418613495224e+01
8.900000000000000355e+00 2.190950838450993743e+01
9.000000000000000000e+00 2.220663194501769055e+01
9.099999999999999645e+00 2.260019799299553611e+01
9.200000000000001066e+00 2.246457515701152374e+01
9.300000000000000711e+00 2.297418238800387869e+01
9.400000000000000355e+00 2.284287251074461977e+01
9.500000000000000000e+00 2.329808532968530344e+01
9.600000000000001421e+00 2.350909927771924046e+01
9.700000000000001066e+00 2.355455007895415420e+01
9.800000000000000711e+00 2.394537609224122576e+01
9.900000000000000355e+00 2.412137761231132771e+01
