1.137684308367425956e-01
1.026000812104773119e-01
3.512906889057407223e-01
2.274647350017287017e-01
3.773649218088818702e-01
4.332232929683190181e-01
1.675115656600782432e-01
3.047494891560487140e-01
2.977949148801973256e-01
3.739812373087318398e-01
7.852239639123825832e-02
4.825956058541434612e-01
4.492510763854529188e-01
4.637793319906624578e-01
4.741495577017505458e-01
8.313099443772542507e-02
3.876022438802129155e-01
5.322715242459397089e-02
7.995935288294747645e-02
3.754174384377697016e-01
3.148340151099429107e-01
3.397185160380734592e-01
2.259666885523553548e-02
3.015381906543686541e-01
3.671211872425813039e-01
7.332959608334693735e-02
4.342992809776384799e-01
9.562206014924956587e-02
2.004116343144166090e-01
9.039159676991037617e-02
4.976200435469371741e-01
4.677782796199493331e-01
3.042087351819545149e-01
4.354604602030742178e-01
2.439409951994070402e-02
9.077422236445531478e-02
4.374371432864091469e-01
1.467197350848259974e-01
3.146567079748969764e-01
1.503751324015438207e-01
3.169341456490809561e-01
4.684613579764694835e-01
2.027742257007413285e-01
2.024727741804510650e-04
2.238612449075370048e-01
3.819588262916027710e-01
3.629242893437501505e-01
2.698518941034648289e-01
3.570944527879482688e-03
4.538019559482958654e-02
4.282397002548218312e-01
3.962785422991921269e-02
1.148303270964510792e-01
4.993228817924239005e-02
2.963259820931819499e-01
2.101103386198376333e-01
4.914127746198455604e-01
3.019334908773571580e-01
2.531983220113546151e-01
3.539504402179177167e-01
1.061917570391132104e-01
2.870230204713023481e-01
7.789370522442634615e-02
2.589135595214969721e-01
2.546714961157672819e-01
3.533296574965866244e-01
5.782481455882199084e-02
3.071719823670967520e-01
4.731766100851554913e-01
4.418397643035079647e-01
3.861501533204922398e-01
1.401445281327317050e-01
1.158436798890921104e-01
2.808303547640531583e-01
3.637696380533573248e-01
3.466805157401045001e-01
3.560632896093058331e-01
4.765806868663974294e-02
1.114439824122325784e-01
2.982917155969894707e-01
4.256272948881506535e-02
3.731300669583245688e-01
3.353229674555258111e-02
2.382758729821256027e-01
1.420234938540936298e-01
3.250664740974970046e-01
3.964647726265755900e-01
1.187196577056709446e-01
4.779454444841491623e-01
4.685045211445057478e-01
1.165914043102209141e-01
2.629212116998439486e-01
3.644574447973686349e-02
4.701035557782396457e-01
7.956402579300919653e-02
3.442164182306577391e-01
3.545305795054376485e-01
5.737693335141619277e-02
1.788583895744338403e-01
4.362659421504059831e-01
