4.426716439002146841e-01
1.078906963705786315e-01
6.412276702408548079e-02
7.540125589109164528e-02
8.242091150099661867e-03
2.590671672930462965e-01
6.149633155584993682e-02
1.414165482939978569e-01
1.631181412913085271e-01
4.669514765282295476e-01
2.281806433739561601e-01
2.191230176670511676e-01
4.686389866041746344e-01
2.503134312121856331e-01
1.872463493617256280e-01
4.183295707593293611e-01
2.396028087092998415e-01
2.410263004796479591e-01
2.333905101904761858e-01
4.764921247200585852e-01
1.490098248400246184e-01
3.135976075982926936e-03
2.121153232499432550e-01
1.826388918373696990e-01
2.728820125342337755e-01
4.223641954752664351e-01
1.645764361990655900e-01
4.123031057488940054e-01
1.060014067813841998e-01
1.403092197012037468e-01
4.799395233895360491e-01
5.019808946177489739e-02
2.222069790878082873e-01
3.775389346833372128e-01
7.785314049264646652e-02
4.278968778027527065e-01
3.485175217762920830e-01
3.149477224236647555e-01
4.887473566824552806e-01
3.331762354207293830e-01
7.358873710159735682e-02
4.750127353305062528e-01
1.218937748153273160e-01
3.620100217675737420e-01
2.062199692073845569e-01
4.792307403967683288e-01
2.097752576913758382e-02
2.465562051682913536e-01
2.516661532296752823e-01
2.970444061198146968e-01
3.653609378633560500e-01
2.048534659859343465e-01
7.038121396719110301e-03
2.826911456803580802e-01
3.507636410552755768e-01
1.846157514535666788e-01
2.901480012931806352e-02
3.445809950638807351e-01
2.931878156346013897e-01
3.330973015802445869e-01
3.748921046849051364e-01
3.048421313522524656e-01
2.172410870252589610e-01
2.624162568171657939e-01
3.995271279102413642e-02
3.882467805044554909e-01
3.896988313644206281e-02
4.549885399531836683e-01
4.241260149614793362e-01
2.006893418929064365e-01
3.747026146880609865e-01
3.749435341260898835e-01
5.317106298024587563e-02
4.302309937327523093e-01
3.076168835648971922e-01
4.514719229659980293e-01
4.850141771460241835e-01
8.766912305903562519e-02
1.276441997726142641e-01
1.501820174086431203e-01
9.659079482679283624e-02
3.209078438215661744e-01
1.455357670777509549e-01
3.504405053343641052e-01
3.253715926457667051e-01
1.953573356353888180e-01
7.101565087527578202e-02
4.681836865783327584e-01
3.514626935319405954e-01
3.908460591863388567e-02
2.907412828996414067e-01
1.901146624196305424e-01
3.147186121417881455e-01
3.585046724691866582e-01
8.784701178817005962e-02
5.970125956551047830e-02
2.770463085355880928e-01
3.166024823064750304e-02
1.592549249711643911e-01
4.424570816669627926e-01
