1.243140836229361668e-02
6.881338043307422270e-02
1.481015004590536810e-01
1.327868712124912753e-01
3.962312553637259427e-01
3.984099878301528563e-01
4.074589096064397675e-01
2.654612691415675352e-01
3.419614473923884845e-01
2.719714221929375730e-02
2.271143433681974133e-01
3.009701272060332222e-01
3.205474336733308838e-01
1.381760365020290315e-02
3.900126593898214367e-01
4.113613971444207151e-01
4.737168558359665660e-01
4.630887019807040095e-01
4.063076254012347732e-01
1.150694317727136706e-01
3.417088777541688049e-01
8.376053090342694407e-02
3.395417540521007971e-01
5.279450551080722143e-02
4.707123431702017191e-01
2.435411127127781183e-01
3.670262167442989165e-01
5.251378294310971029e-02
6.114353707040787178e-02
9.298936667326340721e-03
4.256659124276392370e-01
1.847253987066388436e-01
4.064159750525739856e-01
3.366039045899869575e-01
4.008718727142673299e-01
3.054632284994595048e-01
4.771972268086151492e-01
3.896388328967326786e-01
3.435690908386748177e-01
4.445434485902146626e-01
2.816633817545032836e-01
1.826240712558429569e-01
1.036374762400050220e-01
2.216604581221900405e-01
1.854034220517808418e-01
4.385285018309612592e-01
4.491263415629772604e-01
4.292859223409608571e-01
4.557382251784617422e-01
8.799838310170565725e-02
1.221313242124990595e-01
3.951885975055163813e-02
4.687265775851441885e-01
5.134253827536111592e-02
1.174038745560244124e-01
4.106622235088671080e-01
3.419074878352528213e-01
2.499745388833087278e-01
3.974546669316140202e-01
3.737684987486068477e-01
2.797085308096369238e-01
3.932088614696346851e-01
4.636947195180183279e-01
1.994534126702360854e-01
3.615591326921974158e-02
1.594001647274874700e-01
2.032983146856032763e-01
2.237110157346404726e-01
1.726711582440612069e-01
2.154355723896523855e-01
4.334672794124408424e-01
4.081262799401828012e-01
4.421168535097330654e-03
4.359134894209379385e-01
2.451750758972296995e-01
4.851674130183397660e-02
4.543317645680078343e-01
1.625522871341763542e-01
2.657214132230334980e-01
4.239405823130408812e-01
4.702267651162501672e-01
2.085938142372538717e-01
2.906762687479658158e-02
5.669058806266930040e-02
2.577095186962751194e-01
1.674683600734222511e-02
2.974311091132276763e-01
1.574145030169994963e-01
2.826783514090244198e-01
1.611581136424699578e-01
4.619881667168770911e-01
4.618533430585309296e-01
8.824563814918939819e-02
3.569227174653030743e-01
4.631385072311449691e-01
3.448370804276253421e-01
1.403057397823653796e-01
1.492256192723563357e-01
4.279999417072599677e-01
3.900371137469356708e-01
2.099062782576791020e-01
1.207038219517197475e-01
4.874990169942611251e-02
3.678086923328699465e-02
1.837670914291422153e-01
7.862582753632446630e-02
3.737159409302499014e-01
8.349508827894874807e-02
1.788232575760055343e-01
2.766635102823572501e-01
4.433429919231243743e-01
1.841916536846242014e-01
3.259371752475732076e-01
1.074825661273897115e-01
3.954287632864531554e-01
4.074922870043205525e-01
1.769995196378906788e-01
9.946729133061255057e-02
3.384592890554760647e-03
2.324542975382004606e-01
2.076755802269869555e-01
9.705461905728052230e-02
1.628632753053847471e-01
4.835915899847018085e-01
1.960621470331436189e-01
8.976591948841722290e-02
4.606863887449110795e-01
2.934131798278192260e-01
3.070178614508927706e-01
3.594212227633161727e-01
3.378993525609975124e-01
4.748973643424291291e-01
2.881346518325618722e-01
4.945073985451498011e-01
2.793261411436460673e-01
2.034944441859471431e-01
3.229024852944585300e-01
1.496623474404104037e-01
8.650225596805449779e-02
2.515013921632167082e-01
3.816811015285698772e-01
3.572433454346793380e-01
1.620219772647166212e-01
1.340135572001578401e-01
3.226836481835509973e-02
3.626080462098757451e-01
4.051464889308274420e-01
4.069292288796736434e-01
1.348911608224644398e-01
3.639630450477944201e-01
4.526296804855390321e-01
3.929784110773958394e-01
4.707142704248810650e-01
5.709916038015833140e-02
4.255806097696632206e-01
4.013165317924606845e-01
4.841370304765351684e-01
2.974795698982793946e-01
3.199537410877668631e-01
4.981957654090839460e-01
3.271798713529521230e-01
2.360205567142684702e-01
3.912670569087281502e-01
2.854045674473162375e-01
4.583663621374760577e-01
3.978251765954448627e-01
4.967762361256255477e-01
5.713777065949904310e-02
4.689689925433909723e-01
7.862543035520586088e-03
4.371681747381910288e-01
1.813668565516491915e-01
1.507982227933996056e-02
9.352919319467289938e-02
2.957349936732793227e-01
1.000786725421518031e-01
4.339568784355818942e-01
2.342021609538583737e-01
2.250079434336265671e-01
3.980253608551925781e-01
4.416142784464157645e-01
4.694951217392644982e-01
2.753067344731891519e-01
3.976457150581200195e-01
3.569089378075745445e-01
4.534932869056373383e-01
1.868608457571969694e-01
4.182868642710356744e-01
1.808179278727787276e-01
3.633873592574373146e-01
2.592397196737907805e-01
1.891052087167483520e-01
3.434830642608057150e-01
9.221037791826958152e-02
2.435757964293333577e-01
6.287657785483363737e-02
1.462612741140962846e-01
2.780990952050876319e-01
4.514229976714639880e-02
2.025857854393153246e-01
