4.681076509896464621e-05
1.586699568685314213e-02
4.586632224655322332e-02
1.134969775867915656e-02
6.772067479429761186e-03
1.745994265189098824e-02
1.410497161870817931e-02
4.024235711339848448e-02
1.857730959685984298e-02
1.080196462421638762e-02
6.408965254140814270e-03
1.514045996380035224e-02
4.098340227653593515e-02
3.253333657000907764e-02
1.513272794791964415e-04
4.407441317771376845e-05
2.760657401203560693e-02
2.360289506183123678e-02
4.150546156347256939e-03
8.582587984555384297e-03
1.397267141184506747e-02
3.140520044919719450e-02
3.349895562635074684e-03
2.759475212090981705e-02
6.980206558663254630e-03
4.353263166044832322e-02
7.677305866578438068e-03
1.423423470662019824e-02
3.169220439311756093e-02
3.144721664237794256e-02
2.527368845743665701e-02
4.872059717937699506e-03
1.344679890589670079e-02
3.251663502142778522e-02
4.578886463393463946e-02
3.507405141774339128e-03
3.236189853782577702e-02
4.660252281482290398e-02
2.430142676189063489e-02
3.878556068250962191e-02
3.012553705850025410e-02
4.270876147324156880e-02
2.405391182097616279e-03
3.140938320776562320e-02
3.122846804492213080e-02
2.641652642795443498e-02
2.287898152269818297e-02
2.439761888872431575e-02
4.643696643499051202e-02
3.171286542521059570e-02
3.311140103415213115e-02
4.718890471943688880e-02
9.922905348534556344e-03
1.156338734282785774e-02
3.375651099949845968e-02
5.461800547855067030e-03
9.938243634954158079e-03
3.192772467448509732e-02
3.595550360827514530e-02
2.299379052823491421e-02
1.265290337791594860e-02
2.988728429857858901e-02
4.439651108140704044e-02
4.044793916936350459e-02
5.071754599845563344e-03
2.272508533911736517e-02
3.153648978736302982e-02
4.723625536507582851e-02
4.058264870985631156e-02
4.536805012590350294e-02
3.478536826187803715e-02
2.319282181846964511e-02
3.956118620093762583e-03
2.638328790190435161e-02
4.286204289401680106e-02
1.897058285369462947e-03
7.683004114845366078e-03
2.905084311472770631e-02
3.922946175298665239e-02
4.471047925991440686e-02
3.245368188079410243e-02
4.567906141967337241e-02
2.237546515292426416e-02
4.884226120839665897e-02
3.380629958836082333e-02
2.824900856530211668e-02
3.243287306539902048e-02
7.818747803141080574e-03
5.883883394106587117e-03
1.102491506118826251e-02
2.542175498882815604e-02
2.105705984185745130e-02
1.290234128529754720e-02
4.542625757787999673e-03
9.035311436035365663e-04
4.714071496423370700e-02
3.780093833667252934e-02
3.496157607436907455e-02
6.413939077576253159e-03
1.857657200930601556e-03
