0.000000000000000000e+00 -9.995318923490104090e-02
1.000000000000000021e-02 -4.848300431314686576e-02
2.000000000000000042e-02 1.646632224655322774e-02
2.999999999999999889e-02 1.619969775867914977e-02
4.000000000000000083e-02 4.517206747942977690e-02
5.000000000000000278e-02 8.870994265189099948e-02
5.999999999999999778e-02 1.175049716187081678e-01
7.000000000000000666e-02 1.750923571133985446e-01
8.000000000000000167e-02 1.841773095968599061e-01
8.999999999999999667e-02 2.064519646242164164e-01
1.000000000000000056e-01 2.314089652541408693e-01
1.100000000000000006e-01 2.687904599638004099e-01
1.199999999999999956e-01 3.225834022765359244e-01
1.300000000000000044e-01 3.413833365700091327e-01
1.400000000000000133e-01 3.355513272794793389e-01
1.499999999999999944e-01 3.612940744131777904e-01
1.600000000000000033e-01 4.140065740120356663e-01
1.700000000000000122e-01 4.344528950618312679e-01
1.799999999999999933e-01 4.387505461563472320e-01
1.900000000000000022e-01 4.662325879845554688e-01
2.000000000000000111e-01 4.939726714118451434e-01
2.099999999999999922e-01 5.330552004491971863e-01
2.200000000000000011e-01 5.259498955626351613e-01
2.300000000000000100e-01 5.704447521209098371e-01
2.399999999999999911e-01 5.693802065586632821e-01
2.500000000000000000e-01 6.247826316604483399e-01
2.600000000000000089e-01 6.070773058665784871e-01
2.700000000000000178e-01 6.310842347066202285e-01
2.800000000000000266e-01 6.652922043931178697e-01
2.899999999999999800e-01 6.810972166423779894e-01
2.999999999999999889e-01 6.902736884574367515e-01
3.099999999999999978e-01 6.845220597179377808e-01
3.200000000000000067e-01 7.070467989058968339e-01
3.300000000000000155e-01 7.393666350214278538e-01
3.400000000000000244e-01 7.651888646339347622e-01
3.500000000000000333e-01 7.347574051417745666e-01
3.599999999999999867e-01 7.747618985378258438e-01
3.699999999999999956e-01 7.994525228148230411e-01
3.800000000000000044e-01 7.869014267618907876e-01
3.900000000000000133e-01 8.104355606825096592e-01
4.000000000000000222e-01 8.101255370585004334e-01
4.100000000000000311e-01 8.303587614732416133e-01
4.199999999999999845e-01 7.970053911820976777e-01
4.299999999999999933e-01 8.322593832077658238e-01
4.400000000000000022e-01 8.376284680449221920e-01
4.500000000000000111e-01 8.376665264279545831e-01
4.600000000000000200e-01 8.382789815226983077e-01
4.700000000000000289e-01 8.432476188887243485e-01
4.799999999999999822e-01 8.680369664349905090e-01
4.899999999999999911e-01 8.553628654252106722e-01
5.000000000000000000e-01 8.581114010341521769e-01
5.100000000000000089e-01 8.728389047194370365e-01
5.200000000000000178e-01 8.355229053485345725e-01
5.300000000000000266e-01 8.364133873428278854e-01
5.400000000000000355e-01 8.571565109994985221e-01
5.500000000000000444e-01 8.267118005478552023e-01
5.600000000000000533e-01 8.283382436349544520e-01
5.700000000000000622e-01 8.467777246744853104e-01
5.799999999999999600e-01 8.465555036082752505e-01
5.899999999999999689e-01 8.286437905282352245e-01
5.999999999999999778e-01 8.126529033779160693e-01
6.099999999999999867e-01 8.235372842985788644e-01
6.199999999999999956e-01 8.309965110814071521e-01
6.300000000000000044e-01 8.192979391693636648e-01
6.400000000000000133e-01 7.754717545998458528e-01
6.500000000000000222e-01 7.839750853391174168e-01
6.600000000000000311e-01 7.829364897873631879e-01
6.700000000000000400e-01 7.880862553650759272e-01
6.800000000000000488e-01 7.701826487098564211e-01
6.900000000000000577e-01 7.630180501259037351e-01
7.000000000000000666e-01 7.397853682618782400e-01
7.099999999999999645e-01 7.148428218184698091e-01
7.199999999999999734e-01 6.815561186200937982e-01
7.299999999999999822e-01 6.892332879019046343e-01
7.399999999999999911e-01 6.902620428940171582e-01
7.500000000000000000e-01 6.331470582853696571e-01
7.600000000000000089e-01 6.220830041148457390e-01
7.700000000000000178e-01 6.259008431147281559e-01
7.800000000000000266e-01 6.178294617529865862e-01
7.900000000000000355e-01 6.043604792599145403e-01
8.000000000000000444e-01 5.724536818807942629e-01
8.100000000000000533e-01 5.653290614196734287e-01
8.200000000000000622e-01 5.209754651529240332e-01
8.300000000000000711e-01 5.256922612083969604e-01
8.399999999999999689e-01 4.882062995883610923e-01
8.499999999999999778e-01 4.594990085653025691e-01
8.599999999999999867e-01 4.398328730653995322e-01
8.699999999999999956e-01 3.906687478031410921e-01
8.800000000000000044e-01 3.634838833941068659e-01
8.900000000000000133e-01 3.426749150611881345e-01
9.000000000000000222e-01 3.304217549888284200e-01
9.100000000000000311e-01 2.987070598418575251e-01
9.200000000000000400e-01 2.625023412852977023e-01
9.300000000000000488e-01 2.253926257577880676e-01
9.400000000000000577e-01 1.923035311436034067e-01
9.500000000000000666e-01 2.083907149642336698e-01
9.599999999999999645e-01 1.682009383366724620e-01
9.699999999999999734e-01 1.338115760743692761e-01
9.799999999999999822e-01 7.301393907757655621e-02
9.899999999999999911e-01 3.550765720093086719e-02
