4.138185933778665282e-02
1.385335044156292827e-01
3.226752384410778718e-01
3.203984629176185317e-01
1.247179257380196526e-01
2.249911566078262593e-01
2.592597328043640403e-01
4.737128776205673519e-01
3.271336660031347598e-01
4.076690334370444702e-01
3.162375167975330359e-01
4.318940631984024558e-01
4.818789373869685200e-01
6.500737426011077291e-02
4.943980963593997413e-01
1.996628311413845558e-01
1.406501501132169096e-01
2.989561661498949530e-01
1.533656804226085080e-01
9.611532703197639416e-02
1.492420732164745356e-01
3.452953044497644730e-01
4.408400042629798121e-01
4.341772186815981982e-01
3.160592187602101477e-01
2.242076774302855791e-01
3.269483900873615401e-03
4.216495012540250609e-01
2.183235337580559654e-01
1.308047211261733622e-01
3.469922419063016239e-01
5.707596249500257457e-02
1.094040906431725801e-01
2.655538475525278663e-01
4.430303824453524775e-01
4.076330886272631071e-01
1.487979752277746037e-02
2.499557639363847450e-02
3.733418254594003671e-01
3.767904848404076135e-01
3.975265764169079730e-01
3.757848028679671160e-01
2.535493726562009775e-01
2.361635681360590988e-01
2.627500806249025156e-01
4.087749340532769171e-01
1.751928353784315551e-01
1.366581886403864243e-01
1.723843574482963881e-02
1.079241028608441400e-01
2.816993078759003066e-01
1.360136515413847280e-01
4.167328200777721259e-01
3.444943201258445220e-01
4.508789992416737946e-01
2.870999877907442488e-01
1.535528761498680117e-01
1.746108917064099209e-01
2.639310834217270529e-01
1.354746511384797292e-01
7.480141582189392402e-02
3.607145363078614331e-01
4.386987559187583985e-01
2.237058125210714121e-01
3.881506885655788830e-01
4.266747622134538509e-01
2.544457373896704677e-01
4.510592666673983175e-01
1.720747477979402973e-01
3.950097727662452707e-01
3.915138340250130522e-01
4.394065937712047232e-01
8.203482835948427976e-02
1.723299647284631253e-01
4.377625676585524261e-01
4.276561603979414095e-01
3.303962491313345295e-01
4.546442761023848922e-01
2.062888317552877271e-01
2.283900066156627773e-01
1.225155866361460899e-01
3.537204878843112632e-01
2.490631870477898469e-01
3.816939043367239548e-01
3.586616196651324917e-01
1.451036773187464046e-01
1.935544552234172988e-01
4.256924045594729367e-01
1.465141861349498198e-01
1.095083845099374953e-01
2.066319450176921091e-01
4.001979929955383763e-01
6.457515701152027887e-02
3.741823880038775973e-01
4.287251074461939648e-02
2.980853296853043788e-01
3.090992777192360652e-01
1.545500789541513487e-01
3.453760922412237866e-01
3.213776123113266103e-01
