3.672468884838954450e-02
1.394311464629647418e-02
4.898262481212593833e-02
4.828716083520654540e-02
4.195639364202946586e-03
1.086545243348486373e-02
1.363756784484517794e-02
3.651363097852627221e-02
3.308101994093769205e-02
1.527120240669412911e-02
1.433752208853885171e-02
3.116317776384407504e-02
1.836034427495603777e-02
1.643467395369089395e-02
2.709621636703003766e-02
9.032524543161907921e-03
1.360550805711335841e-03
3.130270653177616436e-02
8.255262134066654670e-03
4.219218978391554159e-02
1.747389897134449949e-02
2.969891680601028511e-02
1.712799045599775610e-02
2.449704001065206721e-02
6.946307149139119980e-03
1.958723431315679414e-02
2.316101031067874499e-03
4.071777668718165599e-02
4.842360656782505879e-02
3.032022763346714500e-03
4.994899459929615787e-02
2.824400697368852076e-02
1.904229483169440212e-02
3.197959159435911219e-02
4.103300152148856017e-02
1.448570679200974001e-02
3.757076470805382346e-02
3.929331693576346152e-02
4.025442102914685710e-02
1.100359754883448171e-02
3.620786454117075510e-03
1.925541874151100522e-02
8.567872743918547238e-03
3.637459613543646969e-02
1.115073655700670775e-02
7.248329057696928368e-03
3.160359740173379617e-02
1.421328504280749451e-02
3.798473989565216702e-02
2.931311025970069484e-02
4.294731747611971184e-02
3.655575816543118334e-02
3.607235740209923519e-02
3.260355235889104281e-02
4.381019271980429730e-02
1.618015537797718936e-02
4.847390881600391332e-02
4.306563519193748468e-02
1.832258651644212005e-02
3.785023081699661479e-02
3.094284623751275554e-03
2.489501409180358213e-02
4.713004332536739616e-02
3.097664058977432633e-02
2.617881160744747401e-02
3.545999125405018687e-02
3.854194133880321782e-02
1.380134407362208597e-02
4.814340425035555648e-02
2.035602074043862952e-02
3.289500990388616319e-02
1.057823762223300025e-02
1.339489128483473124e-03
6.453526232040930101e-04
3.659509558073236607e-02
3.946176312593031865e-02
3.385569754016264782e-02
4.784201026399139550e-02
1.230115505567495188e-02
2.533692791563975366e-02
2.339163410545166619e-02
1.951684247410147288e-02
2.903464148271503453e-02
4.521840225130884655e-02
2.625875043266257675e-02
4.021057732997390839e-03
4.042979881983876228e-02
4.984109346556200165e-02
4.961067484547293516e-02
4.941307762492946898e-02
1.680724979023423202e-02
1.710409648383938788e-02
2.744406939184585153e-03
1.709093691852336602e-02
4.569828331151593731e-02
1.897485243617093656e-02
4.060304774097084346e-02
1.442259406233745156e-02
1.956475541617540628e-02
2.553754930475470031e-02
