2.843424755907987891e-02
4.615842239789900298e-02
2.344268476203785825e-02
2.684527122655512577e-02
4.595816325744542935e-02
3.056681354792044336e-02
3.305797972532344142e-02
4.537131068709408105e-02
4.028520629012564969e-02
2.448478325314097995e-02
4.316112609624257052e-02
7.674273409996801819e-03
2.488017686838812914e-02
2.639945950713273523e-02
9.401494134222455890e-03
3.558215491475784364e-02
4.063073261708918804e-02
1.801062080583823444e-02
1.939408427189181702e-02
2.790220588659497389e-02
1.759973534712609006e-02
4.950734140945786677e-02
4.142182129227868492e-02
2.395616204776858729e-02
4.781019354730801224e-02
3.164912215566557246e-02
1.146138982397620389e-02
1.638644609184565157e-02
3.392503619193807524e-02
3.681560143166497795e-02
3.597647789479279518e-02
2.421076558802229273e-02
4.912984218588934554e-02
1.875019700660284297e-02
4.432153602272950743e-02
3.248937633126631336e-02
1.651278875642249802e-02
1.155120794096253746e-03
2.245927051933505059e-02
2.607326834404725957e-02
1.647373125101297617e-02
3.222119434194116450e-02
2.358432470386908827e-02
1.544177781923967291e-02
3.418463641293335853e-02
3.223124248353730764e-02
4.102659753970786666e-02
3.722893358944472791e-02
2.687566422734698202e-02
3.431182707858073527e-02
1.284290530968922907e-02
3.309821110256786630e-02
3.430810426268939700e-02
2.643433032187048060e-02
2.345985284356071413e-02
1.073512189029111191e-02
2.350508226502154296e-02
2.053087104995676704e-02
2.948751151448962549e-02
4.946507804773255662e-02
2.950992198430743216e-02
2.214938717545006375e-02
2.268397891054257931e-02
1.057152952128913130e-02
7.907824695918658567e-03
1.453880234968867383e-02
3.410147622331447664e-02
1.878183112026373877e-02
1.442669253493314430e-02
2.677343290822629257e-02
1.202809902338457596e-02
2.881857775941062613e-02
3.068160398379321183e-02
3.524623783986972209e-02
3.489048546266958900e-02
2.720794731511091968e-02
2.398551433234403368e-02
4.738434620102405931e-02
3.822524775973340592e-03
5.460989731484012328e-04
1.457141881640437557e-02
2.480432458669653076e-02
1.917498747895926559e-02
3.402789947653407643e-02
4.908026078253424802e-03
2.455604573955830899e-02
4.303816342308303816e-02
4.855433006701440068e-02
3.212606228232743610e-02
1.510578182142725129e-02
1.941520480593704814e-02
3.406952875646637041e-02
1.131367769761256782e-02
2.687671945500313964e-02
2.343709239830026048e-02
6.878849290458738906e-03
2.581029999466080346e-02
4.087570185033100739e-02
3.861069374923508518e-02
1.072389482697642775e-02
