0.000000000000000000e+00 -7.156575244092013011e-02
1.000000000000000021e-02 -1.819157760210100144e-02
2.000000000000000042e-02 -5.957315237962137328e-03
2.999999999999999889e-02 3.169527122655511897e-02
4.000000000000000083e-02 8.435816325744543986e-02
5.000000000000000278e-02 1.018168135479204511e-01
5.999999999999999778e-02 1.364579797253234195e-01
7.000000000000000666e-02 1.802213106870941273e-01
8.000000000000000167e-02 2.058852062901256885e-01
8.999999999999999667e-02 2.201347832531410087e-01
1.000000000000000056e-01 2.681611260962426524e-01
1.100000000000000006e-01 2.613242734099968656e-01
1.199999999999999956e-01 3.064801768683880767e-01
1.300000000000000044e-01 3.352494595071328076e-01
1.400000000000000133e-01 3.448014941342226192e-01
1.499999999999999944e-01 3.968321549147579286e-01
1.600000000000000033e-01 4.270307326170892370e-01
1.700000000000000122e-01 4.288606208058383107e-01
1.799999999999999933e-01 4.539940842718918068e-01
1.900000000000000022e-01 4.855522058865950896e-01
2.000000000000000111e-01 4.975997353471262041e-01
2.099999999999999922e-01 5.511573414094579348e-01
2.200000000000000011e-01 5.640218212922787355e-01
2.300000000000000100e-01 5.668061620477686802e-01
2.399999999999999911e-01 6.102101935473079886e-01
2.500000000000000000e-01 6.128991221556656654e-01
2.600000000000000089e-01 6.108613898239761975e-01
2.700000000000000178e-01 6.332364460918457061e-01
2.800000000000000266e-01 6.675250361919383701e-01
2.899999999999999800e-01 6.864656014316650179e-01
2.999999999999999889e-01 7.009764778947928932e-01
3.099999999999999978e-01 7.038607655880223524e-01
3.200000000000000067e-01 7.427298421858894439e-01
3.300000000000000155e-01 7.256001970066029427e-01
3.400000000000000244e-01 7.637215360227296301e-01
3.500000000000000333e-01 7.637393763312665396e-01
3.599999999999999867e-01 7.589127887564225405e-01
3.699999999999999956e-01 7.540051207940964284e-01
3.800000000000000044e-01 7.850592705193352172e-01
3.900000000000000133e-01 7.977232683440472760e-01
4.000000000000000222e-01 7.964737312510130618e-01
4.100000000000000311e-01 8.198711943419412229e-01
4.199999999999999845e-01 8.181843247038691480e-01
4.299999999999999933e-01 8.162917778192398943e-01
4.400000000000000022e-01 8.405846364129334614e-01
4.500000000000000111e-01 8.434812424835373967e-01
4.600000000000000200e-01 8.564265975397079567e-01
4.700000000000000289e-01 8.560789335894447571e-01
4.799999999999999822e-01 8.484756642273469929e-01
4.899999999999999911e-01 8.579618270785808187e-01
5.000000000000000000e-01 8.378429053096893009e-01
5.100000000000000089e-01 8.587482111025679377e-01
5.200000000000000178e-01 8.599081042626893767e-01
5.300000000000000266e-01 8.512843303218704527e-01
5.400000000000000355e-01 8.468598528435606898e-01
5.500000000000000444e-01 8.319851218902912793e-01
5.600000000000000533e-01 8.419050822650219201e-01
5.700000000000000622e-01 8.353808710499569523e-01
5.799999999999999600e-01 8.400875115144896821e-01
5.899999999999999689e-01 8.551150780477329016e-01
5.999999999999999778e-01 8.295099219843076188e-01
6.099999999999999867e-01 8.157993871754503079e-01
6.199999999999999956e-01 8.092839789105426007e-01
6.300000000000000044e-01 7.894215295212893002e-01
6.400000000000000133e-01 7.783078246959189705e-01
6.500000000000000222e-01 7.757888023496887220e-01
6.600000000000000311e-01 7.855014762233146763e-01
6.700000000000000400e-01 7.596318311202638895e-01
6.800000000000000488e-01 7.440266925349332539e-01
6.900000000000000577e-01 7.444234329082265456e-01
7.000000000000000666e-01 7.170280990233847129e-01
7.099999999999999645e-01 7.204685777594108664e-01
7.199999999999999734e-01 7.082816039837932509e-01
7.299999999999999822e-01 6.980962378398699597e-01
7.399999999999999911e-01 6.822904854626699045e-01
7.500000000000000000e-01 6.584579473151110918e-01
7.600000000000000089e-01 6.383855143323444725e-01
7.700000000000000178e-01 6.442343462010244881e-01
7.800000000000000266e-01 5.824225247759732271e-01
7.900000000000000355e-01 5.601960989731484819e-01
8.000000000000000444e-01 5.545714188164044822e-01
8.100000000000000533e-01 5.444543245866966252e-01
8.200000000000000622e-01 5.177749874789591145e-01
8.300000000000000711e-01 5.108778994765343917e-01
8.399999999999999689e-01 4.593080260782536617e-01
8.499999999999999778e-01 4.558060457395587961e-01
8.599999999999999867e-01 4.504381634230835707e-01
8.699999999999999956e-01 4.314043300670143966e-01
8.800000000000000044e-01 3.897260622823277010e-01
8.900000000000000133e-01 3.467557818214271337e-01
9.000000000000000222e-01 3.244152048059373294e-01
9.100000000000000311e-01 3.117195287564664130e-01
9.200000000000000400e-01 2.609136776976127003e-01
9.300000000000000488e-01 2.477267194550032137e-01
9.400000000000000577e-01 2.148370923983001224e-01
9.500000000000000666e-01 1.681288492904587095e-01
9.599999999999999645e-01 1.562102999946607396e-01
9.699999999999999734e-01 1.397257018503312020e-01
9.799999999999999822e-01 1.052106937492353900e-01
9.899999999999999911e-01 4.437389482697669252e-02
