0.000000000000000000e+00 -6.327531115161046105e-02
1.000000000000000021e-02 -5.040688535370353024e-02
2.000000000000000042e-02 1.958262481212594275e-02
2.999999999999999889e-02 5.313716083520653860e-02
4.000000000000000083e-02 4.259563936420296404e-02
5.000000000000000278e-02 8.211545243348486456e-02
5.999999999999999778e-02 1.170375678448451751e-01
7.000000000000000666e-02 1.713636309785263323e-01
8.000000000000000167e-02 1.986810199409377309e-01
8.999999999999999667e-02 2.109212024066941527e-01
1.000000000000000056e-01 2.393375220885389232e-01
1.100000000000000006e-01 2.848131777638441275e-01
1.199999999999999956e-01 2.999603442749559923e-01
1.300000000000000044e-01 3.252846739536909837e-01
1.400000000000000133e-01 3.624962163670301662e-01
1.499999999999999944e-01 3.702825245431619616e-01
1.600000000000000033e-01 3.877605508057114236e-01
1.700000000000000122e-01 4.421527065317761851e-01
1.799999999999999933e-01 4.428552621340666184e-01
1.900000000000000022e-01 4.998421897839156469e-01
2.000000000000000111e-01 4.974738989713445858e-01
2.099999999999999922e-01 5.313489168060103740e-01
2.200000000000000011e-01 5.397279904559978414e-01
2.300000000000000100e-01 5.673470400106521705e-01
2.399999999999999911e-01 5.693463071491391414e-01
2.500000000000000000e-01 6.008372343131568316e-01
2.600000000000000089e-01 6.017161010310678737e-01
2.700000000000000178e-01 6.575677766871816932e-01
2.800000000000000266e-01 6.820236065678253468e-01
2.899999999999999800e-01 6.526820227633467475e-01
2.999999999999999889e-01 7.149489945992962836e-01
3.099999999999999978e-01 7.078940069736886498e-01
3.200000000000000067e-01 7.126422948316945005e-01
3.300000000000000155e-01 7.388295915943592362e-01
3.400000000000000244e-01 7.604330015214887384e-01
3.500000000000000333e-01 7.457357067920099558e-01
3.599999999999999867e-01 7.799707647080539319e-01
3.699999999999999956e-01 7.921433169357635640e-01
3.800000000000000044e-01 8.028544210291470584e-01
3.900000000000000133e-01 7.826535975488345676e-01
4.000000000000000222e-01 7.836207864541172574e-01
4.100000000000000311e-01 8.069054187415111157e-01
4.199999999999999845e-01 8.031678727439186538e-01
4.299999999999999933e-01 8.372245961354366495e-01
4.400000000000000022e-01 8.175507365570068297e-01
4.500000000000000111e-01 8.184983290576970383e-01
4.600000000000000200e-01 8.470035974017339209e-01
4.700000000000000289e-01 8.330632850428075775e-01
4.799999999999999822e-01 8.595847398956522056e-01
4.899999999999999911e-01 8.529631102597008407e-01
5.000000000000000000e-01 8.679473174761197507e-01
5.100000000000000089e-01 8.622057581654313241e-01
5.200000000000000178e-01 8.616723574020992427e-01
5.300000000000000266e-01 8.574535523588909802e-01
5.400000000000000355e-01 8.672101927198043736e-01
5.500000000000000444e-01 8.374301553779773810e-01
5.600000000000000533e-01 8.668739088160042350e-01
5.700000000000000622e-01 8.579156351919376977e-01
5.799999999999999600e-01 8.289225865164422391e-01
5.899999999999999689e-01 8.435002308169968765e-01
5.999999999999999778e-01 8.030942846237514310e-01
6.099999999999999867e-01 8.185450140918039130e-01
6.199999999999999956e-01 8.337300433253674870e-01
6.300000000000000044e-01 8.098266405897744935e-01
6.400000000000000133e-01 7.965788116074478120e-01
6.500000000000000222e-01 7.967099912540502871e-01
6.600000000000000311e-01 7.899419413388033551e-01
6.700000000000000400e-01 7.546513440736222211e-01
6.800000000000000488e-01 7.777434042503557077e-01
6.900000000000000577e-01 7.380060207404388617e-01
7.000000000000000666e-01 7.378950099038863453e-01
7.099999999999999645e-01 7.022282376222331868e-01
7.199999999999999734e-01 6.789394891284835643e-01
7.299999999999999822e-01 6.634953526232043597e-01
7.399999999999999911e-01 6.839950955807326816e-01
7.500000000000000000e-01 6.707117631259305046e-01
7.600000000000000089e-01 6.482556975401629895e-01
7.700000000000000178e-01 6.446920102639918104e-01
7.800000000000000266e-01 5.909011550556748649e-01
7.900000000000000355e-01 5.849869279156398871e-01
8.000000000000000444e-01 5.633916341054517885e-01
8.100000000000000533e-01 5.391668424741015153e-01
8.200000000000000622e-01 5.276346414827148834e-01
8.300000000000000711e-01 5.220684022513091271e-01
8.399999999999999689e-01 4.806587504326628180e-01
8.499999999999999778e-01 4.352710577329978459e-01
8.599999999999999867e-01 4.478297988198393087e-01
8.699999999999999956e-01 4.326910934655620045e-01
8.800000000000000044e-01 4.072106748454731862e-01
8.900000000000000133e-01 3.810630776249293583e-01
9.000000000000000222e-01 3.218072497902345064e-01
9.100000000000000311e-01 2.947540964838394340e-01
9.200000000000000400e-01 2.523444069391846956e-01
9.300000000000000488e-01 2.379409369185234435e-01
9.400000000000000577e-01 2.370982833115158062e-01
9.500000000000000666e-01 1.802248524361709237e-01
9.599999999999999645e-01 1.710030477409707761e-01
9.699999999999999734e-01 1.132725940623376393e-01
9.799999999999999822e-01 8.616475541617570066e-02
9.899999999999999911e-01 5.918754930475496334e-02
